# Gnuplot File : positions of 1 particle(s) Monitored
# 1st Column : time, others : particle(s) number 0 
0.01	-3.5 -3.50098 -3.5 0 0 0 1	
0.02	-3.5 -3.50294 -3.5 0 0 0 1	
0.03	-3.5 -3.50589 -3.5 0 0 0 1	
0.04	-3.5 -3.50981 -3.5 0 0 0 1	
0.05	-3.5 -3.51471 -3.5 0 0 0 1	
0.06	-3.5 -3.5206 -3.5 0 0 0 1	
0.07	-3.5 -3.52747 -3.5 0 0 0 1	
0.08	-3.5 -3.53532 -3.5 0 0 0 1	
0.09	-3.5 -3.54414 -3.5 0 0 0 1	
0.1	-3.5 -3.55395 -3.5 0 0 0 1	
0.11	-3.5 -3.56475 -3.5 0 0 0 1	
0.12	-3.5 -3.57652 -3.5 0 0 0 1	
0.13	-3.5 -3.58927 -3.5 0 0 0 1	
0.14	-3.5 -3.603 -3.5 0 0 0 1	
0.15	-3.5 -3.61772 -3.5 0 0 0 1	
0.16	-3.5 -3.63342 -3.5 0 0 0 1	
0.17	-3.5 -3.65009 -3.5 0 0 0 1	
0.18	-3.5 -3.66775 -3.5 0 0 0 1	
0.19	-3.5 -3.68639 -3.5 0 0 0 1	
0.2	-3.5 -3.70601 -3.5 0 0 0 1	
0.21	-3.5 -3.72661 -3.5 0 0 0 1	
0.22	-3.5 -3.74819 -3.5 0 0 0 1	
0.23	-3.5 -3.77076 -3.5 0 0 0 1	
0.24	-3.5 -3.7943 -3.5 0 0 0 1	
0.25	-3.5 -3.81882 -3.5 0 0 0 1	
0.26	-3.5 -3.84433 -3.5 0 0 0 1	
0.27	-3.5 -3.87082 -3.5 0 0 0 1	
0.28	-3.5 -3.89829 -3.5 0 0 0 1	
0.29	-3.5 -3.92673 -3.5 0 0 0 1	
0.3	-3.5 -3.95616 -3.5 0 0 0 1	
0.31	-3.5 -3.98658 -3.5 0 0 0 1	
0.32	-3.5 -4.01797 -3.5 0 0 0 1	
0.33	-3.5 -4.05034 -3.5 0 0 0 1	
0.34	-3.5 -4.08369 -3.5 0 0 0 1	
0.35	-3.5 -4.11803 -3.5 0 0 0 1	
0.36	-3.5 -4.15335 -3.5 0 0 0 1	
0.37	-3.5 -4.18964 -3.5 0 0 0 1	
0.38	-3.5 -4.22692 -3.5 0 0 0 1	
0.39	-3.5 -4.26518 -3.5 0 0 0 1	
0.4	-3.5 -4.30442 -3.5 0 0 0 1	
0.41	-3.5 -4.34464 -3.5 0 0 0 1	
0.42	-3.5 -4.38584 -3.5 0 0 0 1	
0.43	-3.5 -4.42803 -3.5 0 0 0 1	
0.44	-3.5 -4.47119 -3.5 0 0 0 1	
0.45	-3.5 -4.51533 -3.5 0 0 0 1	
0.46	-3.5 -4.56046 -3.5 0 0 0 1	
0.47	-3.5 -4.60657 -3.5 0 0 0 1	
0.48	-3.5 -4.65366 -3.5 0 0 0 1	
0.49	-3.5 -4.70172 -3.5 0 0 0 1	
0.5	-3.5 -4.75077 -3.5 0 0 0 1	
0.51	-3.5 -4.80081 -3.5 0 0 0 1	
0.52	-3.5 -4.85182 -3.5 0 0 0 1	
0.53	-3.5 -4.90381 -3.5 0 0 0 1	
0.54	-3.5 -4.95678 -3.5 0 0 0 1	
0.55	-3.5 -5.01074 -3.5 0 0 0 1	
0.56	-3.5 -5.06568 -3.5 0 0 0 1	
0.57	-3.5 -5.12159 -3.5 0 0 0 1	
0.58	-3.5 -5.17849 -3.5 0 0 0 1	
0.59	-3.5 -5.23637 -3.5 0 0 0 1	
0.6	-3.5 -5.29523 -3.5 0 0 0 1	
0.61	-3.5 -5.35507 -3.5 0 0 0 1	
0.62	-3.5 -5.41589 -3.5 0 0 0 1	
0.63	-3.5 -5.4777 -3.5 0 0 0 1	
0.64	-3.5 -5.54048 -3.5 0 0 0 1	
0.65	-3.5 -5.60424 -3.5 0 0 0 1	
0.66	-3.5 -5.66899 -3.5 0 0 0 1	
0.67	-3.5 -5.73472 -3.5 0 0 0 1	
0.68	-3.5 -5.80143 -3.5 0 0 0 1	
0.69	-3.5 -5.86911 -3.5 0 0 0 1	
0.7	-3.5 -5.93778 -3.5 0 0 0 1	
0.71	-3.5 -6.00744 -3.5 0 0 0 1	
0.72	-3.5 -6.07807 -3.5 0 0 0 1	
0.73	-3.5 -6.14968 -3.5 0 0 0 1	
0.74	-3.5 -6.22227 -3.5 0 0 0 1	
0.75	-3.5 -6.29585 -3.5 0 0 0 1	
0.76	-3.5 -6.37041 -3.5 0 0 0 1	
0.77	-3.5 -6.44594 -3.5 0 0 0 1	
0.78	-3.5 -6.52246 -3.5 0 0 0 1	
0.79	-3.5 -6.59996 -3.5 0 0 0 1	
0.8	-3.5 -6.67844 -3.5 0 0 0 1	
0.81	-3.5 -6.7579 -3.5 0 0 0 1	
0.82	-3.5 -6.83834 -3.5 0 0 0 1	
0.83	-3.5 -6.91977 -3.5 0 0 0 1	
0.84	-3.5 -7.00217 -3.5 0 0 0 1	
0.85	-3.5 -7.08555 -3.5 0 0 0 1	
0.86	-3.5 -7.16992 -3.5 0 0 0 1	
0.87	-3.5 -7.25527 -3.5 0 0 0 1	
0.88	-3.5 -7.3416 -3.5 0 0 0 1	
0.89	-3.5 -7.4289 -3.5 0 0 0 1	
0.9	-3.5 -7.51719 -3.5 0 0 0 1	
0.91	-3.5 -7.60647 -3.5 0 0 0 1	
0.92	-3.5 -7.69672 -3.5 0 0 0 1	
0.93	-3.5 -7.78795 -3.5 0 0 0 1	
0.94	-3.5 -7.88016 -3.5 0 0 0 1	
0.95	-3.5 -7.97336 -3.5 0 0 0 1	
0.96	-3.5 -8.06754 -3.5 0 0 0 1	
0.97	-3.5 -8.16269 -3.5 0 0 0 1	
0.98	-3.5 -8.25883 -3.5 0 0 0 1	
0.99	-3.5 -8.35595 -3.5 0 0 0 1	
1	-3.5 -8.45405 -3.5 0 0 0 1	
1.01	-3.5 -8.55313 -3.5 0 0 0 1	
1.02	-3.5 -8.65319 -3.5 0 0 0 1	
1.03	-3.5 -8.75424 -3.5 0 0 0 1	
1.04	-3.5 -8.85626 -3.5 0 0 0 1	
1.05	-3.5 -8.95926 -3.5 0 0 0 1	
1.06	-3.5 -9.06325 -3.5 0 0 0 1	
1.07	-3.5 -9.16822 -3.5 0 0 0 1	
1.08	-3.5 -9.27417 -3.5 0 0 0 1	
1.09	-3.5 -9.38109 -3.5 0 0 0 1	
1.1	-3.5 -9.489 -3.5 0 0 0 1	
1.11	-3.5 -9.5979 -3.5 0 0 0 1	
1.12	-3.5 -9.70777 -3.5 0 0 0 1	
1.13	-3.5 -9.81862 -3.5 0 0 0 1	
1.14	-3.5 -9.93045 -3.5 0 0 0 1	
1.15	-3.5 -10.0433 -3.5 0 0 0 1	
1.16	-3.5 -10.1571 -3.5 0 0 0 1	
1.17	-3.5 -10.2718 -3.5 0 0 0 1	
1.18	-3.5 -10.3876 -3.5 0 0 0 1	
1.19	-3.5 -10.5043 -3.5 0 0 0 1	
1.2	-3.5 -10.6221 -3.5 0 0 0 1	
1.21	-3.5 -10.7408 -3.5 0 0 0 1	
1.22	-3.5 -10.8604 -3.5 0 0 0 1	
1.23	-3.5 -10.9811 -3.5 0 0 0 1	
1.24	-3.5 -11.1027 -3.5 0 0 0 1	
1.25	-3.5 -11.2254 -3.5 0 0 0 1	
1.26	-3.5 -11.349 -3.5 0 0 0 1	
1.27	-3.5 -11.4736 -3.5 0 0 0 1	
1.28	-3.5 -11.5991 -3.5 0 0 0 1	
1.29	-3.5 -11.7257 -3.5 0 0 0 1	
1.3	-3.5 -11.8532 -3.5 0 0 0 1	
1.31	-3.5 -11.9817 -3.5 0 0 0 1	
1.32	-3.5 -12.1112 -3.5 0 0 0 1	
1.33	-3.5 -12.2417 -3.5 0 0 0 1	
1.34	-3.5 -12.3731 -3.5 0 0 0 1	
1.35	-3.5 -12.5056 -3.5 0 0 0 1	
1.36	-3.5 -12.639 -3.5 0 0 0 1	
1.37	-3.5 -12.7734 -3.5 0 0 0 1	
1.38	-3.5 -12.9088 -3.5 0 0 0 1	
1.39	-3.5 -13.0451 -3.5 0 0 0 1	
1.4	-3.5 -13.1825 -3.5 0 0 0 1	
1.41	-3.5 -13.3208 -3.5 0 0 0 1	
1.42	-3.5 -13.4601 -3.5 0 0 0 1	
1.43	-3.5 -13.6004 -3.5 0 0 0 1	
1.44	-3.5 -13.7416 -3.5 0 0 0 1	
1.45	-3.5 -13.8839 -3.5 0 0 0 1	
1.46	-3.5 -14.0271 -3.5 0 0 0 1	
1.47	-3.5 -14.1713 -3.5 0 0 0 1	
1.48	-3.5 -14.3165 -3.5 0 0 0 1	
1.49	-3.5 -14.4627 -3.5 0 0 0 1	
1.5	-3.5 -14.6098 -3.5 0 0 0 1	
1.51	-3.5 -14.758 -3.5 0 0 0 1	
1.52	-3.5 -14.9071 -3.5 0 0 0 1	
1.53	-3.5 -15.0572 -3.5 0 0 0 1	
1.54	-3.5 -15.2082 -3.5 0 0 0 1	
1.55	-3.5 -15.3603 -3.5 0 0 0 1	
1.56	-3.5 -15.5133 -3.5 0 0 0 1	
1.57	-3.5 -15.6673 -3.5 0 0 0 1	
1.58	-3.5 -15.8223 -3.5 0 0 0 1	
1.59	-3.5 -15.9783 -3.5 0 0 0 1	
1.6	-3.5 -16.1353 -3.5 0 0 0 1	
1.61	-3.5 -16.2932 -3.5 0 0 0 1	
1.62	-3.5 -16.4521 -3.5 0 0 0 1	
1.63	-3.5 -16.612 -3.5 0 0 0 1	
1.64	-3.5 -16.7729 -3.5 0 0 0 1	
1.65	-3.5 -16.9348 -3.5 0 0 0 1	
1.66	-3.5 -17.0976 -3.5 0 0 0 1	
1.67	-3.5 -17.2615 -3.5 0 0 0 1	
1.68	-3.5 -17.4263 -3.5 0 0 0 1	
1.69	-3.5 -17.5921 -3.5 0 0 0 1	
1.7	-3.5 -17.7588 -3.5 0 0 0 1	
1.71	-3.5 -17.9266 -3.5 0 0 0 1	
1.72	-3.5 -18.0953 -3.5 0 0 0 1	
1.73	-3.5 -18.265 -3.5 0 0 0 1	
1.74	-3.5 -18.4357 -3.5 0 0 0 1	
1.75	-3.5 -18.6074 -3.5 0 0 0 1	
1.76	-3.5 -18.7801 -3.5 0 0 0 1	
1.77	-3.5 -18.9537 -3.5 0 0 0 1	
1.78	-3.5 -19.1283 -3.5 0 0 0 1	
1.79	-3.5 -19.3039 -3.5 0 0 0 1	
1.8	-3.5 -19.4805 -3.5 0 0 0 1	
1.81	-3.5 -19.6581 -3.5 0 0 0 1	
1.82	-3.5 -19.8366 -3.5 0 0 0 1	
1.83	-3.5 -20.0161 -3.5 0 0 0 1	
1.84	-3.5 -20.1966 -3.5 0 0 0 1	
1.85	-3.5 -20.3781 -3.5 0 0 0 1	
