T= 0
  X= 0 0 0 0 0 0 1
T= 0.01
  X= 0 0 -0.000981 0 0 0 1
T= 0.02
  X= 0 0 -0.002943 0 0 0 1
T= 0.03
  X= 0 0 -0.005886 0 0 0 1
T= 0.04
  X= 0 0 -0.00981 0 0 0 1
T= 0.05
  X= 0 0 -0.014715 0 0 0 1
T= 0.06
  X= 0 0 -0.020601 0 0 0 1
T= 0.07
  X= 0 0 -0.027468 0 0 0 1
T= 0.08
  X= 0 0 -0.035316 0 0 0 1
T= 0.09
  X= 0 0 -0.044145 0 0 0 1
T= 0.1
  X= 0 0 -0.053955 0 0 0 1
T= 0.11
  X= 0 0 -0.064746 0 0 0 1
T= 0.12
  X= 0 0 -0.076518 0 0 0 1
T= 0.13
  X= 0 0 -0.089271 0 0 0 1
T= 0.14
  X= 0 0 -0.103005 0 0 0 1
T= 0.15
  X= 0 0 -0.11772 0 0 0 1
T= 0.16
  X= 0 0 -0.133416 0 0 0 1
T= 0.17
  X= 0 0 -0.150093 0 0 0 1
T= 0.18
  X= 0 0 -0.167751 0 0 0 1
T= 0.19
  X= 0 0 -0.18639 0 0 0 1
T= 0.2
  X= 0 0 -0.20601 0 0 0 1
T= 0.21
  X= 0 0 -0.226611 0 0 0 1
T= 0.22
  X= 0 0 -0.248193 0 0 0 1
T= 0.23
  X= 0 0 -0.270756 0 0 0 1
T= 0.24
  X= 0 0 -0.2943 0 0 0 1
T= 0.25
  X= 0 0 -0.318825 0 0 0 1
T= 0.26
  X= 0 0 -0.344331 0 0 0 1
T= 0.27
  X= 0 0 -0.370818 0 0 0 1
T= 0.28
  X= 0 0 -0.398286 0 0 0 1
T= 0.29
  X= 0 0 -0.426735 0 0 0 1
T= 0.3
  X= 0 0 -0.456165 0 0 0 1
T= 0.31
  X= 0 0 -0.486576 0 0 0 1
T= 0.32
  X= 0 0 -0.517968 0 0 0 1
T= 0.33
  X= 0 0 -0.550341 0 0 0 1
T= 0.34
  X= 0 0 -0.583695 0 0 0 1
T= 0.35
  X= 0 0 -0.61803 0 0 0 1
T= 0.36
  X= 0 0 -0.653346 0 0 0 1
T= 0.37
  X= 0 0 -0.689643 0 0 0 1
T= 0.38
  X= 0 0 -0.726921 0 0 0 1
T= 0.39
  X= 0 0 -0.76518 0 0 0 1
T= 0.4
  X= 0 0 -0.80442 0 0 0 1
T= 0.41
  X= 0 0 -0.844641 0 0 0 1
T= 0.42
  X= 0 0 -0.885843 0 0 0 1
T= 0.43
  X= 0 0 -0.928026 0 0 0 1
T= 0.44
  X= 0 0 -0.97119 0 0 0 1
T= 0.45
  X= 0 0 -1.01534 0 0 0 1
T= 0.46
  X= 0 0 -1.06046 0 0 0 1
T= 0.47
  X= 0 0 -1.10657 0 0 0 1
T= 0.48
  X= 0 0 -1.15366 0 0 0 1
T= 0.49
  X= 0 0 -1.20173 0 0 0 1
T= 0.5
  X= 0 0 -1.25078 0 0 0 1
T= 0.51
  X= 0 0 -1.30081 0 0 0 1
T= 0.52
  X= 0 0 -1.35182 0 0 0 1
T= 0.53
  X= 0 0 -1.40381 0 0 0 1
T= 0.54
  X= 0 0 -1.45679 0 0 0 1
T= 0.55
  X= 0 0 -1.51074 0 0 0 1
T= 0.56
  X= 0 0 -1.56568 0 0 0 1
T= 0.57
  X= 0 0 -1.62159 0 0 0 1
T= 0.58
  X= 0 0 -1.67849 0 0 0 1
T= 0.59
  X= 0 0 -1.73637 0 0 0 1
T= 0.6
  X= 0 0 -1.79523 0 0 0 1
T= 0.61
  X= 0 0 -1.85507 0 0 0 1
T= 0.62
  X= 0 0 -1.91589 0 0 0 1
T= 0.63
  X= 0 0 -1.9777 0 0 0 1
T= 0.64
  X= 0 0 -2.04048 0 0 0 1
T= 0.65
  X= 0 0 -2.10424 0 0 0 1
T= 0.66
  X= 0 0 -2.16899 0 0 0 1
T= 0.67
  X= 0 0 -2.23472 0 0 0 1
T= 0.68
  X= 0 0 -2.30143 0 0 0 1
T= 0.69
  X= 0 0 -2.36911 0 0 0 1
T= 0.7
  X= 0 0 -2.43778 0 0 0 1
T= 0.71
  X= 0 0 -2.50744 0 0 0 1
T= 0.72
  X= 0 0 -2.57807 0 0 0 1
T= 0.73
  X= 0 0 -2.64968 0 0 0 1
T= 0.74
  X= 0 0 -2.72227 0 0 0 1
T= 0.75
  X= 0 0 -2.79585 0 0 0 1
T= 0.76
  X= 0 0 -2.87041 0 0 0 1
T= 0.77
  X= 0 0 -2.94594 0 0 0 1
T= 0.78
  X= 0 0 -3.02246 0 0 0 1
T= 0.79
  X= 0 0 -3.09996 0 0 0 1
T= 0.8
  X= 0 0 -3.17844 0 0 0 1
T= 0.81
  X= 0 0 -3.2579 0 0 0 1
T= 0.82
  X= 0 0 -3.33834 0 0 0 1
T= 0.83
  X= 0 0 -3.41977 0 0 0 1
T= 0.84
  X= 0 0 -3.50217 0 0 0 1
T= 0.85
  X= 0 0 -3.58555 0 0 0 1
T= 0.86
  X= 0 0 -3.66992 0 0 0 1
T= 0.87
  X= 0 0 -3.75527 0 0 0 1
T= 0.88
  X= 0 0 -3.8416 0 0 0 1
T= 0.89
  X= 0 0 -3.9289 0 0 0 1
T= 0.9
  X= 0 0 -4.01719 0 0 0 1
T= 0.91
  X= 0 0 -4.10647 0 0 0 1
T= 0.92
  X= 0 0 -4.19672 0 0 0 1
T= 0.93
  X= 0 0 -4.28795 0 0 0 1
T= 0.94
  X= 0 0 -4.38016 0 0 0 1
T= 0.95
  X= 0 0 -4.47336 0 0 0 1
T= 0.96
  X= 0 0 -4.56754 0 0 0 1
T= 0.97
  X= 0 0 -4.66269 0 0 0 1
T= 0.98
  X= 0 0 -4.75883 0 0 0 1
T= 0.99
  X= 0 0 -4.85595 0 0 0 1
T= 1
  X= 0 0 -4.95405 0 0 0 1
T= 1.01
  X= 0 0 -5.05313 0 0 0 1
T= 1.02
  X= 0 0 -5.15319 0 0 0 1
T= 1.03
  X= 0 0 -5.25424 0 0 0 1
T= 1.04
  X= 0 0 -5.35626 0 0 0 1
T= 1.05
  X= 0 0 -5.45926 0 0 0 1
T= 1.06
  X= 0 0 -5.56325 0 0 0 1
T= 1.07
  X= 0 0 -5.66822 0 0 0 1
T= 1.08
  X= 0 0 -5.77417 0 0 0 1
T= 1.09
  X= 0 0 -5.88109 0 0 0 1
T= 1.1
  X= 0 0 -5.989 0 0 0 1
T= 1.11
  X= 0 0 -6.0979 0 0 0 1
T= 1.12
  X= 0 0 -6.20777 0 0 0 1
T= 1.13
  X= 0 0 -6.31862 0 0 0 1
T= 1.14
  X= 0 0 -6.43045 0 0 0 1
T= 1.15
  X= 0 0 -6.54327 0 0 0 1
T= 1.16
  X= 0 0 -6.65707 0 0 0 1
T= 1.17
  X= 0 0 -6.77184 0 0 0 1
T= 1.18
  X= 0 0 -6.8876 0 0 0 1
T= 1.19
  X= 0 0 -7.00434 0 0 0 1
T= 1.2
  X= 0 0 -7.12206 0 0 0 1
T= 1.21
  X= 0 0 -7.24076 0 0 0 1
T= 1.22
  X= 0 0 -7.36044 0 0 0 1
T= 1.23
  X= 0 0 -7.48111 0 0 0 1
T= 1.24
  X= 0 0 -7.60275 0 0 0 1
T= 1.25
  X= 0 0 -7.72537 0 0 0 1
T= 1.26
  X= 0 0 -7.84898 0 0 0 1
T= 1.27
  X= 0 0 -7.97357 0 0 0 1
T= 1.28
  X= 0 0 -8.09914 0 0 0 1
T= 1.29
  X= 0 0 -8.22568 0 0 0 1
T= 1.3
  X= 0 0 -8.35321 0 0 0 1
T= 1.31
  X= 0 0 -8.48173 0 0 0 1
T= 1.32
  X= 0 0 -8.61122 0 0 0 1
T= 1.33
  X= 0 0 -8.74169 0 0 0 1
T= 1.34
  X= 0 0 -8.87314 0 0 0 1
T= 1.35
  X= 0 0 -9.00558 0 0 0 1
T= 1.36
  X= 0 0 -9.139 0 0 0 1
T= 1.37
  X= 0 0 -9.27339 0 0 0 1
T= 1.38
  X= 0 0 -9.40877 0 0 0 1
T= 1.39
  X= 0 0 -9.54513 0 0 0 1
T= 1.4
  X= 0 0 -9.68247 0 0 0 1
T= 1.41
  X= 0 0 -9.82079 0 0 0 1
T= 1.42
  X= 0 0 -9.96009 0 0 0 1
T= 1.43
  X= 0 0 -10.1004 0 0 0 1
T= 1.44
  X= 0 0 -10.2416 0 0 0 1
T= 1.45
  X= 0 0 -10.3839 0 0 0 1
T= 1.46
  X= 0 0 -10.5271 0 0 0 1
T= 1.47
  X= 0 0 -10.6713 0 0 0 1
T= 1.48
  X= 0 0 -10.8165 0 0 0 1
T= 1.49
  X= 0 0 -10.9627 0 0 0 1
T= 1.5
  X= 0 0 -11.1098 0 0 0 1
T= 1.51
  X= 0 0 -11.258 0 0 0 1
T= 1.52
  X= 0 0 -11.4071 0 0 0 1
T= 1.53
  X= 0 0 -11.5572 0 0 0 1
T= 1.54
  X= 0 0 -11.7082 0 0 0 1
T= 1.55
  X= 0 0 -11.8603 0 0 0 1
T= 1.56
  X= 0 0 -12.0133 0 0 0 1
T= 1.57
  X= 0 0 -12.1673 0 0 0 1
T= 1.58
  X= 0 0 -12.3223 0 0 0 1
T= 1.59
  X= 0 0 -12.4783 0 0 0 1
T= 1.6
  X= 0 0 -12.6353 0 0 0 1
T= 1.61
  X= 0 0 -12.7932 0 0 0 1
T= 1.62
  X= 0 0 -12.9521 0 0 0 1
T= 1.63
  X= 0 0 -13.112 0 0 0 1
T= 1.64
  X= 0 0 -13.2729 0 0 0 1
T= 1.65
  X= 0 0 -13.4348 0 0 0 1
T= 1.66
  X= 0 0 -13.5976 0 0 0 1
T= 1.67
  X= 0 0 -13.7615 0 0 0 1
T= 1.68
  X= 0 0 -13.9263 0 0 0 1
T= 1.69
  X= 0 0 -14.0921 0 0 0 1
T= 1.7
  X= 0 0 -14.2588 0 0 0 1
T= 1.71
  X= 0 0 -14.4266 0 0 0 1
T= 1.72
  X= 0 0 -14.5953 0 0 0 1
T= 1.73
  X= 0 0 -14.765 0 0 0 1
T= 1.74
  X= 0 0 -14.9357 0 0 0 1
T= 1.75
  X= 0 0 -15.1074 0 0 0 1
T= 1.76
  X= 0 0 -15.2801 0 0 0 1
T= 1.77
  X= 0 0 -15.4537 0 0 0 1
T= 1.78
  X= 0 0 -15.6283 0 0 0 1
T= 1.79
  X= 0 0 -15.8039 0 0 0 1
T= 1.8
  X= 0 0 -15.9805 0 0 0 1
T= 1.81
  X= 0 0 -16.1581 0 0 0 1
T= 1.82
  X= 0 0 -16.3366 0 0 0 1
T= 1.83
  X= 0 0 -16.5161 0 0 0 1
T= 1.84
  X= 0 0 -16.6966 0 0 0 1
T= 1.85
  X= 0 0 -16.8781 0 0 0 1
T= 1.86
  X= 0 0 -17.0606 0 0 0 1
T= 1.87
  X= 0 0 -17.244 0 0 0 1
T= 1.88
  X= 0 0 -17.4284 0 0 0 1
T= 1.89
  X= 0 0 -17.6139 0 0 0 1
T= 1.9
  X= 0 0 -17.8002 0 0 0 1
T= 1.91
  X= 0 0 -17.9876 0 0 0 1
T= 1.92
  X= 0 0 -18.176 0 0 0 1
T= 1.93
  X= 0 0 -18.3653 0 0 0 1
T= 1.94
  X= 0 0 -18.5556 0 0 0 1
T= 1.95
  X= 0 0 -18.7469 0 0 0 1
T= 1.96
  X= 0 0 -18.9392 0 0 0 1
T= 1.97
  X= 0 0 -19.1324 0 0 0 1
T= 1.98
  X= 0 0 -19.3267 0 0 0 1
T= 1.99
  X= 0 0 -19.5219 0 0 0 1
T= 2
  X= 0 0 -19.7181 0 0 0 1
T= 2.01
  X= 0 0 -19.9153 0 0 0 1
T= 2.02
  X= 0 0 -20.1134 0 0 0 1
T= 2.03
  X= 0 0 -20.3126 0 0 0 1
T= 2.04
  X= 0 0 -20.5127 0 0 0 1
T= 2.05
  X= 0 0 -20.7138 0 0 0 1
T= 2.06
  X= 0 0 -20.9159 0 0 0 1
T= 2.07
  X= 0 0 -21.119 0 0 0 1
T= 2.08
  X= 0 0 -21.323 0 0 0 1
T= 2.09
  X= 0 0 -21.528 0 0 0 1
T= 2.1
  X= 0 0 -21.7341 0 0 0 1
T= 2.11
  X= 0 0 -21.941 0 0 0 1
T= 2.12
  X= 0 0 -22.149 0 0 0 1
T= 2.13
  X= 0 0 -22.358 0 0 0 1
T= 2.14
  X= 0 0 -22.5679 0 0 0 1
T= 2.15
  X= 0 0 -22.7788 0 0 0 1
T= 2.16
  X= 0 0 -22.9907 0 0 0 1
T= 2.17
  X= 0 0 -23.2036 0 0 0 1
T= 2.18
  X= 0 0 -23.4175 0 0 0 1
T= 2.19
  X= 0 0 -23.6323 0 0 0 1
T= 2.2
  X= 0 0 -23.8481 0 0 0 1
T= 2.21
  X= 0 0 -24.0649 0 0 0 1
T= 2.22
  X= 0 0 -24.2827 0 0 0 1
T= 2.23
  X= 0 0 -24.5015 0 0 0 1
T= 2.24
  X= 0 0 -24.7212 0 0 0 1
T= 2.25
  X= 0 0 -24.9419 0 0 0 1
T= 2.26
  X= 0 0 -25.1636 0 0 0 1
T= 2.27
  X= 0 0 -25.3863 0 0 0 1
T= 2.28
  X= 0 0 -25.61 0 0 0 1
T= 2.29
  X= 0 0 -25.8346 0 0 0 1
T= 2.3
  X= 0 0 -26.0603 0 0 0 1
T= 2.31
  X= 0 0 -26.2869 0 0 0 1
T= 2.32
  X= 0 0 -26.5145 0 0 0 1
T= 2.33
  X= 0 0 -26.743 0 0 0 1
T= 2.34
  X= 0 0 -26.9726 0 0 0 1
T= 2.35
  X= 0 0 -27.2031 0 0 0 1
T= 2.36
  X= 0 0 -27.4346 0 0 0 1
T= 2.37
  X= 0 0 -27.6671 0 0 0 1
T= 2.38
  X= 0 0 -27.9006 0 0 0 1
T= 2.39
  X= 0 0 -28.1351 0 0 0 1
T= 2.4
  X= 0 0 -28.3705 0 0 0 1
T= 2.41
  X= 0 0 -28.6069 0 0 0 1
T= 2.42
  X= 0 0 -28.8443 0 0 0 1
T= 2.43
  X= 0 0 -29.0827 0 0 0 1
T= 2.44
  X= 0 0 -29.3221 0 0 0 1
T= 2.45
  X= 0 0 -29.5624 0 0 0 1
T= 2.46
  X= 0 0 -29.8038 0 0 0 1
T= 2.47
  X= 0 0 -30.0461 0 0 0 1
T= 2.48
  X= 0 0 -30.2894 0 0 0 1
T= 2.49
  X= 0 0 -30.5336 0 0 0 1
T= 2.5
  X= 0 0 -30.7789 0 0 0 1
T= 2.51
  X= 0 0 -31.0251 0 0 0 1
T= 2.52
  X= 0 0 -31.2723 0 0 0 1
T= 2.53
  X= 0 0 -31.5205 0 0 0 1
T= 2.54
  X= 0 0 -31.7697 0 0 0 1
T= 2.55
  X= 0 0 -32.0198 0 0 0 1
T= 2.56
  X= 0 0 -32.271 0 0 0 1
T= 2.57
  X= 0 0 -32.5231 0 0 0 1
T= 2.58
  X= 0 0 -32.7762 0 0 0 1
T= 2.59
  X= 0 0 -33.0303 0 0 0 1
T= 2.6
  X= 0 0 -33.2853 0 0 0 1
T= 2.61
  X= 0 0 -33.5414 0 0 0 1
T= 2.62
  X= 0 0 -33.7984 0 0 0 1
T= 2.63
  X= 0 0 -34.0564 0 0 0 1
T= 2.64
  X= 0 0 -34.3154 0 0 0 1
T= 2.65
  X= 0 0 -34.5753 0 0 0 1
T= 2.66
  X= 0 0 -34.8363 0 0 0 1
T= 2.67
  X= 0 0 -35.0982 0 0 0 1
T= 2.68
  X= 0 0 -35.3611 0 0 0 1
T= 2.69
  X= 0 0 -35.625 0 0 0 1
T= 2.7
  X= 0 0 -35.8899 0 0 0 1
T= 2.71
  X= 0 0 -36.1557 0 0 0 1
T= 2.72
  X= 0 0 -36.4226 0 0 0 1
T= 2.73
  X= 0 0 -36.6904 0 0 0 1
T= 2.74
  X= 0 0 -36.9592 0 0 0 1
T= 2.75
  X= 0 0 -37.2289 0 0 0 1
T= 2.76
  X= 0 0 -37.4997 0 0 0 1
T= 2.77
  X= 0 0 -37.7714 0 0 0 1
T= 2.78
  X= 0 0 -38.0442 0 0 0 1
T= 2.79
  X= 0 0 -38.3179 0 0 0 1
T= 2.8
  X= 0 0 -38.5925 0 0 0 1
T= 2.81
  X= 0 0 -38.8682 0 0 0 1
T= 2.82
  X= 0 0 -39.1448 0 0 0 1
T= 2.83
  X= 0 0 -39.4225 0 0 0 1
T= 2.84
  X= 0 0 -39.7011 0 0 0 1
T= 2.85
  X= 0 0 -39.9807 0 0 0 1
T= 2.86
  X= 0 0 -40.2612 0 0 0 1
T= 2.87
  X= 0 0 -40.5428 0 0 0 1
T= 2.88
  X= 0 0 -40.8253 0 0 0 1
T= 2.89
  X= 0 0 -41.1088 0 0 0 1
T= 2.9
  X= 0 0 -41.3933 0 0 0 1
T= 2.91
  X= 0 0 -41.6788 0 0 0 1
T= 2.92
  X= 0 0 -41.9652 0 0 0 1
T= 2.93
  X= 0 0 -42.2527 0 0 0 1
T= 2.94
  X= 0 0 -42.5411 0 0 0 1
T= 2.95
  X= 0 0 -42.8305 0 0 0 1
T= 2.96
  X= 0 0 -43.1208 0 0 0 1
T= 2.97
  X= 0 0 -43.4122 0 0 0 1
T= 2.98
  X= 0 0 -43.7045 0 0 0 1
T= 2.99
  X= 0 0 -43.9978 0 0 0 1
T= 3
  X= 0 0 -44.2921 0 0 0 1
T= 3.01
  X= 0 0 -44.5874 0 0 0 1
T= 3.02
  X= 0 0 -44.8837 0 0 0 1
T= 3.03
  X= 0 0 -45.1809 0 0 0 1
T= 3.04
  X= 0 0 -45.4792 0 0 0 1
T= 3.05
  X= 0 0 -45.7784 0 0 0 1
T= 3.06
  X= 0 0 -46.0786 0 0 0 1
T= 3.07
  X= 0 0 -46.3797 0 0 0 1
T= 3.08
  X= 0 0 -46.6819 0 0 0 1
T= 3.09
  X= 0 0 -46.985 0 0 0 1
T= 3.1
  X= 0 0 -47.2891 0 0 0 1
T= 3.11
  X= 0 0 -47.5942 0 0 0 1
T= 3.12
  X= 0 0 -47.9003 0 0 0 1
T= 3.13
  X= 0 0 -48.2073 0 0 0 1
T= 3.14
  X= 0 0 -48.5154 0 0 0 1
T= 3.15
  X= 0 0 -48.8244 0 0 0 1
T= 3.16
  X= 0 0 -49.1344 0 0 0 1
T= 3.17
  X= 0 0 -49.4453 0 0 0 1
T= 3.18
  X= 0 0 -49.7573 0 0 0 1
T= 3.19
  X= 0 0 -50.0702 0 0 0 1
T= 3.2
  X= 0 0 -50.3842 0 0 0 1
T= 3.21
  X= 0 0 -50.6991 0 0 0 1
T= 3.22
  X= 0 0 -51.0149 0 0 0 1
T= 3.23
  X= 0 0 -51.3318 0 0 0 1
T= 3.24
  X= 0 0 -51.6496 0 0 0 1
T= 3.25
  X= 0 0 -51.9685 0 0 0 1
T= 3.26
  X= 0 0 -52.2883 0 0 0 1
T= 3.27
  X= 0 0 -52.6091 0 0 0 1
T= 3.28
  X= 0 0 -52.9308 0 0 0 1
T= 3.29
  X= 0 0 -53.2536 0 0 0 1
T= 3.3
  X= 0 0 -53.5773 0 0 0 1
T= 3.31
  X= 0 0 -53.902 0 0 0 1
T= 3.32
  X= 0 0 -54.2277 0 0 0 1
T= 3.33
  X= 0 0 -54.5544 0 0 0 1
T= 3.34
  X= 0 0 -54.882 0 0 0 1
T= 3.35
  X= 0 0 -55.2107 0 0 0 1
T= 3.36
  X= 0 0 -55.5403 0 0 0 1
T= 3.37
  X= 0 0 -55.8709 0 0 0 1
T= 3.38
  X= 0 0 -56.2025 0 0 0 1
T= 3.39
  X= 0 0 -56.535 0 0 0 1
T= 3.4
  X= 0 0 -56.8686 0 0 0 1
T= 3.41
  X= 0 0 -57.2031 0 0 0 1
T= 3.42
  X= 0 0 -57.5386 0 0 0 1
T= 3.43
  X= 0 0 -57.8751 0 0 0 1
T= 3.44
  X= 0 0 -58.2125 0 0 0 1
T= 3.45
  X= 0 0 -58.551 0 0 0 1
T= 3.46
  X= 0 0 -58.8904 0 0 0 1
T= 3.47
  X= 0 0 -59.2308 0 0 0 1
T= 3.48
  X= 0 0 -59.5722 0 0 0 1
T= 3.49
  X= 0 0 -59.9146 0 0 0 1
T= 3.5
  X= 0 0 -60.2579 0 0 0 1
T= 3.51
  X= 0 0 -60.6023 0 0 0 1
T= 3.52
  X= 0 0 -60.9476 0 0 0 1
T= 3.53
  X= 0 0 -61.2939 0 0 0 1
T= 3.54
  X= 0 0 -61.6411 0 0 0 1
T= 3.55
  X= 0 0 -61.9894 0 0 0 1
T= 3.56
  X= 0 0 -62.3386 0 0 0 1
T= 3.57
  X= 0 0 -62.6888 0 0 0 1
T= 3.58
  X= 0 0 -63.04 0 0 0 1
T= 3.59
  X= 0 0 -63.3922 0 0 0 1
T= 3.6
  X= 0 0 -63.7454 0 0 0 1
T= 3.61
  X= 0 0 -64.0995 0 0 0 1
T= 3.62
  X= 0 0 -64.4546 0 0 0 1
T= 3.63
  X= 0 0 -64.8107 0 0 0 1
T= 3.64
  X= 0 0 -65.1678 0 0 0 1
T= 3.65
  X= 0 0 -65.5259 0 0 0 1
T= 3.66
  X= 0 0 -65.8849 0 0 0 1
T= 3.67
  X= 0 0 -66.245 0 0 0 1
T= 3.68
  X= 0 0 -66.606 0 0 0 1
T= 3.69
  X= 0 0 -66.968 0 0 0 1
T= 3.7
  X= 0 0 -67.3309 0 0 0 1
T= 3.71
  X= 0 0 -67.6949 0 0 0 1
T= 3.72
  X= 0 0 -68.0598 0 0 0 1
T= 3.73
  X= 0 0 -68.4257 0 0 0 1
T= 3.74
  X= 0 0 -68.7926 0 0 0 1
T= 3.75
  X= 0 0 -69.1605 0 0 0 1
T= 3.76
  X= 0 0 -69.5294 0 0 0 1
T= 3.77
  X= 0 0 -69.8992 0 0 0 1
T= 3.78
  X= 0 0 -70.27 0 0 0 1
T= 3.79
  X= 0 0 -70.6418 0 0 0 1
T= 3.8
  X= 0 0 -71.0146 0 0 0 1
T= 3.81
  X= 0 0 -71.3884 0 0 0 1
T= 3.82
  X= 0 0 -71.7631 0 0 0 1
T= 3.83
  X= 0 0 -72.1388 0 0 0 1
T= 3.84
  X= 0 0 -72.5155 0 0 0 1
T= 3.85
  X= 0 0 -72.8932 0 0 0 1
T= 3.86
  X= 0 0 -73.2719 0 0 0 1
T= 3.87
  X= 0 0 -73.6515 0 0 0 1
T= 3.88
  X= 0 0 -74.0321 0 0 0 1
T= 3.89
  X= 0 0 -74.4138 0 0 0 1
T= 3.9
  X= 0 0 -74.7963 0 0 0 1
T= 3.91
  X= 0 0 -75.1799 0 0 0 1
T= 3.92
  X= 0 0 -75.5645 0 0 0 1
T= 3.93
  X= 0 0 -75.95 0 0 0 1
T= 3.94
  X= 0 0 -76.3365 0 0 0 1
T= 3.95
  X= 0 0 -76.724 0 0 0 1
T= 3.96
  X= 0 0 -77.1125 0 0 0 1
T= 3.97
  X= 0 0 -77.5019 0 0 0 1
T= 3.98
  X= 0 0 -77.8924 0 0 0 1
T= 3.99
  X= 0 0 -78.2838 0 0 0 1
T= 4
  X= 0 0 -78.6762 0 0 0 1
T= 4.01
  X= 0 0 -79.0696 0 0 0 1
T= 4.02
  X= 0 0 -79.4639 0 0 0 1
T= 4.03
  X= 0 0 -79.8593 0 0 0 1
T= 4.04
  X= 0 0 -80.2556 0 0 0 1
T= 4.05
  X= 0 0 -80.6529 0 0 0 1
T= 4.06
  X= 0 0 -81.0512 0 0 0 1
T= 4.07
  X= 0 0 -81.4505 0 0 0 1
T= 4.08
  X= 0 0 -81.8507 0 0 0 1
T= 4.09
  X= 0 0 -82.2519 0 0 0 1
T= 4.1
  X= 0 0 -82.6542 0 0 0 1
T= 4.11
  X= 0 0 -83.0573 0 0 0 1
T= 4.12
  X= 0 0 -83.4615 0 0 0 1
T= 4.13
  X= 0 0 -83.8667 0 0 0 1
T= 4.14
  X= 0 0 -84.2728 0 0 0 1
T= 4.15
  X= 0 0 -84.6799 0 0 0 1
T= 4.16
  X= 0 0 -85.088 0 0 0 1
T= 4.17
  X= 0 0 -85.4971 0 0 0 1
T= 4.18
  X= 0 0 -85.9072 0 0 0 1
T= 4.19
  X= 0 0 -86.3182 0 0 0 1
T= 4.2
  X= 0 0 -86.7302 0 0 0 1
T= 4.21
  X= 0 0 -87.1432 0 0 0 1
